0.000000000000000000e+00 4.242640687119284770e+00 4.472135954999579610e+00 8.062257748298549132e+00 1.140175425099137918e+01 1.118033988749894903e+01 1.503329637837290811e+01 1.923538406167134340e+01 2.100000000000000000e+01 1.811077027627483460e+01 2.061552812808830382e+01 2.340939982143925135e+01 2.012461179749810825e+01 2.140093455903269515e+01 2.561249694973139412e+01 2.900000000000000000e+01 2.500000000000000000e+01 2.061552812808830382e+01 2.059126028197400160e+01 2.184032966784155505e+01 1.772004514666934938e+01 2.000000000000000000e+01 1.553222456700906662e+01 2.118962010041709121e+01 1.838477631085023489e+01 1.612451549659709826e+01 1.334166406412633421e+01 1.360147050873544394e+01 9.486832980505138124e+00 1.131370849898476116e+01 7.810249675906653977e+00 8.944271909999159220e+00 3.605551275463989125e+00 7.000000000000000000e+00 5.000000000000000000e+00 9.433981132056603158e+00 6.708203932499369415e+00 1.204159457879229578e+01 9.486832980505138124e+00 1.300000000000000000e+01 1.655294535724684835e+01 1.931320791582796659e+01 1.403566884761819900e+01 1.902629759044044633e+01 1.649242250247064234e+01 1.476482306023340030e+01 2.012461179749810825e+01 1.910497317454279909e+01 2.475883680627989492e+01 2.780287754891568852e+01 2.360084744241189370e+01 1.972308292331602075e+01 1.931320791582796659e+01 2.158703314492290204e+01
4.242640687119284770e+00 0.000000000000000000e+00 5.099019513592784492e+00 5.385164807134503739e+00 8.000000000000000000e+00 9.433981132056603158e+00 1.216552506059643868e+01 1.600000000000000000e+01 1.824828759089465890e+01 1.581138830084189628e+01 1.878829422805593552e+01 2.195449840010014952e+01 1.920937271229854559e+01 2.126029162546929996e+01 2.549509756796392423e+01 2.920616373302046753e+01 2.594224354214569317e+01 2.147091055358388800e+01 2.213594362117865444e+01 2.418677324489564739e+01 2.009975124224177989e+01 2.319482700948640286e+01 1.892749323074770018e+01 2.507987240796890660e+01 2.236067977499789805e+01 2.024845673131658685e+01 1.708800749063506075e+01 1.780449381476485726e+01 1.341640786499873883e+01 1.555634918610404505e+01 1.204159457879229578e+01 1.303840481040529831e+01 7.810249675906653977e+00 1.044030650891055068e+01 7.000000000000000000e+00 1.118033988749894903e+01 6.708203932499369415e+00 1.252996408614166768e+01 8.485281374238569541e+00 1.204159457879229578e+01 1.562049935181330795e+01 1.802775637731994607e+01 1.170469991071962568e+01 1.612451549659709826e+01 1.303840481040529831e+01 1.077032961426900748e+01 1.615549442140351033e+01 1.486606874731850603e+01 2.051828452868319275e+01 2.360084744241189370e+01 1.941648783894759944e+01 1.565247584249852864e+01 1.552417469626002422e+01 1.811077027627483460e+01
4.472135954999579610e+00 5.099019513592784492e+00 0.000000000000000000e+00 5.000000000000000000e+00 8.602325267042626677e+00 7.000000000000000000e+00 1.140175425099137918e+01 1.581138830084189628e+01 1.711724276862369010e+01 1.400000000000000000e+01 1.627882059609970611e+01 1.897366596101027625e+01 1.565247584249852864e+01 1.702938636592640265e+01 2.126029162546929996e+01 2.475883680627989492e+01 2.109502310972898798e+01 1.664331697709323876e+01 1.708800749063506075e+01 1.910497317454279909e+01 1.503329637837290811e+01 1.843908891458577415e+01 1.439618004888796854e+01 2.109502310972898798e+01 1.860107523773827509e+01 1.697056274847713908e+01 1.303840481040529831e+01 1.500000000000000000e+01 9.899494936611665352e+00 1.341640786499873883e+01 9.848857801796103928e+00 1.216552506059643868e+01 7.000000000000000000e+00 1.118033988749894903e+01 9.433981132056603158e+00 1.389244398944980396e+01 1.063014581273464998e+01 1.627882059609970611e+01 1.303840481040529831e+01 1.664331697709323876e+01 2.024845673131658685e+01 2.282542442102665348e+01 1.676305461424021104e+01 2.121320343559642652e+01 1.800000000000000000e+01 1.529705854077835525e+01 2.061552812808830382e+01 1.835755975068581947e+01 2.385372088375312671e+01 2.617250465660480074e+01 2.193171219946130890e+01 1.769180601295413169e+01 1.664331697709323876e+01 1.838477631085023489e+01
8.062257748298549132e+00 5.385164807134503739e+00 5.000000000000000000e+00 0.000000000000000000e+00 3.605551275463989125e+00 4.242640687119284770e+00 7.000000000000000000e+00 1.118033988749894903e+01 1.303840481040529831e+01 1.044030650891055068e+01 1.341640786499873883e+01 1.664331697709323876e+01 1.414213562373095101e+01 1.664331697709323876e+01 2.080865204668481283e+01 2.469817807045693669e+01 2.213594362117865444e+01 1.772004514666934938e+01 1.910497317454279909e+01 2.209072203437452231e+01 1.824828759089465890e+01 2.247220505424423109e+01 1.879494612921250152e+01 2.580697580112788003e+01 2.343074902771996193e+01 2.193171219946130890e+01 1.780449381476485726e+01 2.000000000000000000e+01 1.486606874731850603e+01 1.835755975068581947e+01 1.476482306023340030e+01 1.676305461424021104e+01 1.140175425099137918e+01 1.503329637837290811e+01 1.216552506059643868e+01 1.649242250247064234e+01 1.208304597359457233e+01 1.788854381999831844e+01 1.360147050873544394e+01 1.702938636592640265e+01 2.051828452868319275e+01 2.267156809750926882e+01 1.581138830084189628e+01 1.931320791582796659e+01 1.552417469626002422e+01 1.204159457879229578e+01 1.702938636592640265e+01 1.392838827718411920e+01 1.923538406167134340e+01 2.126029162546929996e+01 1.702938636592640265e+01 1.272792206135785520e+01 1.166190378969060149e+01 1.360147050873544394e+01
1.140175425099137918e+01 8.000000000000000000e+00 8.602325267042626677e+00 3.605551275463989125e+00 0.000000000000000000e+00 5.000000000000000000e+00 4.472135954999579610e+00 8.000000000000000000e+00 1.044030650891055068e+01 8.602325267042626677e+00 1.204159457879229578e+01 1.555634918610404505e+01 1.389244398944980396e+01 1.708800749063506075e+01 2.102379604162863913e+01 2.507987240796890660e+01 2.334523505985750447e+01 1.910497317454279909e+01 2.102379604162863913e+01 2.451530134426252516e+01 2.088061301782110135e+01 2.549509756796392423e+01 2.205107707119994487e+01 2.920616373302046753e+01 2.690724809414741969e+01 2.549509756796392423e+01 2.126029162546929996e+01 2.360084744241189370e+01 1.843908891458577415e+01 2.195449840010014952e+01 1.835755975068581947e+01 2.024845673131658685e+01 1.486606874731850603e+01 1.824828759089465890e+01 1.500000000000000000e+01 1.910497317454279909e+01 1.431782106327635340e+01 1.992485884517127559e+01 1.523154621172781731e+01 1.835755975068581947e+01 2.163330765278393741e+01 2.343074902771996193e+01 1.627882059609970611e+01 1.886796226411320632e+01 1.476482306023340030e+01 1.077032961426900748e+01 1.513274595042155646e+01 1.118033988749894903e+01 1.615549442140351033e+01 1.780449381476485726e+01 1.360147050873544394e+01 9.219544457292887074e+00 8.062257748298549132e+00 1.019803902718556898e+01
1.118033988749894903e+01 9.433981132056603158e+00 7.000000000000000000e+00 4.242640687119284770e+00 5.000000000000000000e+00 0.000000000000000000e+00 5.000000000000000000e+00 9.433981132056603158e+00 1.019803902718556898e+01 7.000000000000000000e+00 9.486832980505138124e+00 1.252996408614166768e+01 9.899494936611665352e+00 1.252996408614166768e+01 1.664331697709323876e+01 2.059126028197400160e+01 1.843908891458577415e+01 1.414213562373095101e+01 1.603121954188139853e+01 1.964688270438849926e+01 1.615549442140351033e+01 2.109502310972898798e+01 1.806239186818844189e+01 2.545584412271571040e+01 2.343074902771996193e+01 2.247220505424423109e+01 1.780449381476485726e+01 2.102379604162863913e+01 1.565247584249852864e+01 1.992485884517127559e+01 1.649242250247064234e+01 1.910497317454279909e+01 1.400000000000000000e+01 1.811077027627483460e+01 1.581138830084189628e+01 2.024845673131658685e+01 1.612451549659709826e+01 2.195449840010014952e+01 1.780449381476485726e+01 2.126029162546929996e+01 2.475883680627989492e+01 2.690724809414741969e+01 2.000000000000000000e+01 2.325940669922601600e+01 1.931320791582796659e+01 1.552417469626002422e+01 2.009975124224177989e+01 1.612451549659709826e+01 2.088061301782110135e+01 2.195449840010014952e+01 1.788854381999831844e+01 1.341640786499873883e+01 1.140175425099137918e+01 1.220655561573370207e+01
1.503329637837290811e+01 1.216552506059643868e+01 1.140175425099137918e+01 7.000000000000000000e+00 4.472135954999579610e+00 5.000000000000000000e+00 0.000000000000000000e+00 4.472135954999579610e+00 6.082762530298219339e+00 4.242640687119284770e+00 7.810249675906653977e+00 1.140175425099137918e+01 1.044030650891055068e+01 1.414213562373095101e+01 1.772004514666934938e+01 2.184032966784155505e+01 2.100000000000000000e+01 1.711724276862369010e+01 1.964688270438849926e+01 2.376972864800942631e+01 2.059126028197400160e+01 2.580697580112788003e+01 2.298368986912240786e+01 3.041381265149109936e+01 2.842534080710379030e+01 2.745906043549196340e+01 2.280350850198275836e+01 2.594224354214569317e+01 2.059126028197400160e+01 2.469817807045693669e+01 2.118962010041709121e+01 2.353720459187963954e+01 1.824828759089465890e+01 2.202271554554523902e+01 1.910497317454279909e+01 2.334523505985750447e+01 1.868154169226940553e+01 2.435159132377184221e+01 1.969771560359220786e+01 2.282542442102665348e+01 2.607680962081059661e+01 2.780287754891568852e+01 2.061552812808830382e+01 2.280350850198275836e+01 1.860107523773827509e+01 1.442220510185595650e+01 1.802775637731994607e+01 1.315294643796590535e+01 1.711724276862369010e+01 1.746424919657297892e+01 1.360147050873544394e+01 9.219544457292887074e+00 6.708203932499369415e+00 7.211102550927978250e+00
1.923538406167134340e+01 1.600000000000000000e+01 1.581138830084189628e+01 1.118033988749894903e+01 8.000000000000000000e+00 9.433981132056603158e+00 4.472135954999579610e+00 0.000000000000000000e+00 3.605551275463989125e+00 5.099019513592784492e+00 8.062257748298549132e+00 1.140175425099137918e+01 1.204159457879229578e+01 1.612451549659709826e+01 1.902629759044044633e+01 2.308679276123039159e+01 2.334523505985750447e+01 1.992485884517127559e+01 2.284731931759172596e+01 2.729468812791236232e+01 2.441311123146740414e+01 2.983286778035259701e+01 2.724426545165055558e+01 3.471310991541956525e+01 3.280243893371345365e+01 3.190611226708763226e+01 2.720294101747088789e+01 3.041381265149109936e+01 2.505992817228333536e+01 2.915475947422650194e+01 2.563201123595259290e+01 2.789265136196270589e+01 2.256102834535695578e+01 2.617250465660480074e+01 2.300000000000000000e+01 2.707397274136176790e+01 2.220360331117451835e+01 2.765863337187866122e+01 2.280350850198275836e+01 2.563201123595259290e+01 2.863564212655270680e+01 3.001666203960726875e+01 2.282542442102665348e+01 2.408318915758459156e+01 1.984943324127920761e+01 1.562049935181330795e+01 1.802775637731994607e+01 1.252996408614166768e+01 1.513274595042155646e+01 1.431782106327635340e+01 1.100000000000000000e+01 7.280109889280518054e+00 4.123105625617660586e+00 2.828427124746190291e+00
2.100000000000000000e+01 1.824828759089465890e+01 1.711724276862369010e+01 1.303840481040529831e+01 1.044030650891055068e+01 1.019803902718556898e+01 6.082762530298219339e+00 3.605551275463989125e+00 0.000000000000000000e+00 3.605551275463989125e+00 5.099019513592784492e+00 8.062257748298549132e+00 9.486832980505138124e+00 1.360147050873544394e+01 1.603121954188139853e+01 2.000000000000000000e+01 2.088061301782110135e+01 1.788854381999831844e+01 2.109502310972898798e+01 2.580697580112788003e+01 2.334523505985750447e+01 2.900000000000000000e+01 2.691189328159577698e+01 3.440930106817050671e+01 3.275667870831839679e+01 3.220248437620923454e+01 2.729468812791236232e+01 3.101612483854164637e+01 2.563201123595259290e+01 3.008321791298264714e+01 2.668332812825266842e+01 2.927456233660889495e+01 2.408318915758459156e+01 2.800000000000000000e+01 2.517935662402834396e+01 2.942787793912432193e+01 2.473863375370596174e+01 3.036445290137795183e+01 2.563201123595259290e+01 2.863564212655270680e+01 3.176476034853718033e+01 3.328663395418647752e+01 2.607680962081059661e+01 2.758622844826744469e+01 2.334523505985750447e+01 1.910497317454279909e+01 2.163330765278393741e+01 1.612451549659709826e+01 1.843908891458577415e+01 1.702938636592640265e+01 1.414213562373095101e+01 1.077032961426900748e+01 7.615773105863908654e+00 5.000000000000000000e+00
1.811077027627483460e+01 1.581138830084189628e+01 1.400000000000000000e+01 1.044030650891055068e+01 8.602325267042626677e+00 7.000000000000000000e+00 4.242640687119284770e+00 5.099019513592784492e+00 3.605551275463989125e+00 0.000000000000000000e+00 3.605551275463989125e+00 7.211102550927978250e+00 7.000000000000000000e+00 1.104536101718726115e+01 1.414213562373095101e+01 1.824828759089465890e+01 1.824828759089465890e+01 1.486606874731850603e+01 1.788854381999831844e+01 2.247220505424423109e+01 1.984943324127920761e+01 2.545584412271571040e+01 2.330772404161333000e+01 3.080584360149872580e+01 2.915475947422650194e+01 2.863564212655270680e+01 2.370653918225939449e+01 2.751363298439520833e+01 2.213594362117865444e+01 2.668332812825266842e+01 2.334523505985750447e+01 2.607680962081059661e+01 2.100000000000000000e+01 2.507987240796890660e+01 2.256102834535695578e+01 2.692582403567251959e+01 2.247220505424423109e+01 2.823118842698620767e+01 2.370653918225939449e+01 2.692582403567251959e+01 3.023243291566194912e+01 3.201562118716424266e+01 2.483948469674844262e+01 2.701851217221259205e+01 2.280350850198275836e+01 1.860107523773827509e+01 2.193171219946130890e+01 1.676305461424021104e+01 2.002498439450078749e+01 1.941648783894759944e+01 1.603121954188139853e+01 1.204159457879229578e+01 9.000000000000000000e+00 7.615773105863908654e+00
2.061552812808830382e+01 1.878829422805593552e+01 1.627882059609970611e+01 1.341640786499873883e+01 1.204159457879229578e+01 9.486832980505138124e+00 7.810249675906653977e+00 8.062257748298549132e+00 5.099019513592784492e+00 3.605551275463989125e+00 0.000000000000000000e+00 3.605551275463989125e+00 4.472135954999579610e+00 8.544003745317530374e+00 1.100000000000000000e+01 1.503329637837290811e+01 1.581138830084189628e+01 1.303840481040529831e+01 1.640121946685672683e+01 2.126029162546929996e+01 1.920937271229854559e+01 2.500000000000000000e+01 2.347871376374779118e+01 3.088689042296100240e+01 2.954657340538831534e+01 2.941088233970548416e+01 2.435159132377184221e+01 2.863564212655270680e+01 2.334523505985750447e+01 2.816025568065744622e+01 2.501999200639360765e+01 2.801785145224380003e+01 2.319482700948640286e+01 2.745906043549196340e+01 2.529822128134703618e+01 2.973213749463701205e+01 2.549509756796392423e+01 3.130495168499705727e+01 2.692582403567251959e+01 3.023243291566194912e+01 3.360059523282288296e+01 3.546829570193639825e+01 2.831960451701259274e+01 3.061045573002793319e+01 2.640075756488817049e+01 2.220360331117451835e+01 2.549509756796392423e+01 2.024845673131658685e+01 2.319482700948640286e+01 2.209072203437452231e+01 1.902629759044044633e+01 1.529705854077835525e+01 1.216552506059643868e+01 1.004987562112088995e+01
2.340939982143925135e+01 2.195449840010014952e+01 1.897366596101027625e+01 1.664331697709323876e+01 1.555634918610404505e+01 1.252996408614166768e+01 1.140175425099137918e+01 1.140175425099137918e+01 8.062257748298549132e+00 7.211102550927978250e+00 3.605551275463989125e+00 0.000000000000000000e+00 4.123105625617660586e+00 7.071067811865475505e+00 8.246211251235321171e+00 1.204159457879229578e+01 1.389244398944980396e+01 1.204159457879229578e+01 1.562049935181330795e+01 2.061552812808830382e+01 1.923538406167134340e+01 2.505992817228333536e+01 2.419194080680588854e+01 3.138470965295043058e+01 3.036445290137795183e+01 3.059411708155671050e+01 2.549509756796392423e+01 3.014962686336266984e+01 2.501999200639360765e+01 3.000000000000000000e+01 2.707397274136176790e+01 3.026549190084311292e+01 2.570992026436488231e+01 3.008321791298264714e+01 2.823118842698620767e+01 3.269556544854363267e+01 2.865309756378880479e+01 3.448187929913333249e+01 3.023243291566194912e+01 3.360059523282288296e+01 3.701351104664349378e+01 3.894868418830089496e+01 3.182766092567909766e+01 3.420526275297414287e+01 3.000000000000000000e+01 2.580697580112788003e+01 2.906888370749726747e+01 2.376972864800942631e+01 2.647640458974745314e+01 2.500000000000000000e+01 2.220360331117451835e+01 1.868154169226940553e+01 1.552417469626002422e+01 1.303840481040529831e+01
2.012461179749810825e+01 1.920937271229854559e+01 1.565247584249852864e+01 1.414213562373095101e+01 1.389244398944980396e+01 9.899494936611665352e+00 1.044030650891055068e+01 1.204159457879229578e+01 9.486832980505138124e+00 7.000000000000000000e+00 4.472135954999579610e+00 4.123105625617660586e+00 0.000000000000000000e+00 4.123105625617660586e+00 7.280109889280518054e+00 1.140175425099137918e+01 1.140175425099137918e+01 8.602325267042626677e+00 1.204159457879229578e+01 1.697056274847713908e+01 1.526433752247374720e+01 2.109502310972898798e+01 2.008108562802320307e+01 2.731300056749532601e+01 2.624880949681337583e+01 2.647640458974745314e+01 2.137755832643194864e+01 2.607680962081059661e+01 2.100000000000000000e+01 2.601922366251537611e+01 2.319482700948640286e+01 2.647640458974745314e+01 2.213594362117865444e+01 2.657066051117284644e+01 2.505992817228333536e+01 2.952964612046680060e+01 2.580697580112788003e+01 3.162277660168379256e+01 2.765863337187866122e+01 3.114482300479487265e+01 3.465544690232691494e+01 3.679673898594819548e+01 2.983286778035259701e+01 3.275667870831839679e+01 2.865309756378880479e+01 2.459674775249768786e+01 2.846049894151541437e+01 2.353720459187963954e+01 2.701851217221259205e+01 2.630589287593181069e+01 2.302172886644267535e+01 1.902629759044044633e+01 1.600000000000000000e+01 1.431782106327635340e+01
2.140093455903269515e+01 2.126029162546929996e+01 1.702938636592640265e+01 1.664331697709323876e+01 1.708800749063506075e+01 1.252996408614166768e+01 1.414213562373095101e+01 1.612451549659709826e+01 1.360147050873544394e+01 1.104536101718726115e+01 8.544003745317530374e+00 7.071067811865475505e+00 4.123105625617660586e+00 0.000000000000000000e+00 4.242640687119284770e+00 8.062257748298549132e+00 7.280109889280518054e+00 5.000000000000000000e+00 8.602325267042626677e+00 1.360147050873544394e+01 1.264911064067351809e+01 1.838477631085023489e+01 1.817278184538624686e+01 2.500000000000000000e+01 2.433105012119287736e+01 2.501999200639360765e+01 2.000000000000000000e+01 2.507987240796890660e+01 2.039607805437113797e+01 2.549509756796392423e+01 2.308679276123039159e+01 2.657066051117284644e+01 2.282542442102665348e+01 2.729468812791236232e+01 2.640075756488817049e+01 3.080584360149872580e+01 2.758622844826744469e+01 3.330165161069342616e+01 2.973213749463701205e+01 3.330165161069342616e+01 3.687817782917154830e+01 3.920459156782531807e+01 3.244996147917590434e+01 3.577708763999663688e+01 3.178049716414140846e+01 2.785677655436823841e+01 3.201562118716424266e+01 2.729468812791236232e+01 3.100000000000000000e+01 3.041381265149109936e+01 2.707397274136176790e+01 2.300000000000000000e+01 2.002498439450078749e+01 1.843908891458577415e+01
2.561249694973139412e+01 2.549509756796392423e+01 2.126029162546929996e+01 2.080865204668481283e+01 2.102379604162863913e+01 1.664331697709323876e+01 1.772004514666934938e+01 1.902629759044044633e+01 1.603121954188139853e+01 1.414213562373095101e+01 1.100000000000000000e+01 8.246211251235321171e+00 7.280109889280518054e+00 4.242640687119284770e+00 0.000000000000000000e+00 4.123105625617660586e+00 6.403124237432848531e+00 7.000000000000000000e+00 1.019803902718556898e+01 1.486606874731850603e+01 1.503329637837290811e+01 2.039607805437113797e+01 2.100595153760000500e+01 2.729468812791236232e+01 2.701851217221259205e+01 2.807133769523639799e+01 2.319482700948640286e+01 2.844292530665578411e+01 2.404163056034261459e+01 2.912043955712207222e+01 2.692582403567251959e+01 3.046309242345563462e+01 2.692582403567251959e+01 3.138470965295043058e+01 3.061045573002793319e+01 3.500000000000000000e+01 3.182766092567909766e+01 3.753664875824691904e+01 3.397057550292606010e+01 3.753664875824691904e+01 4.110960958218893069e+01 4.341658669218482203e+01 3.661966684720110976e+01 3.982461550347975532e+01 3.577708763999663688e+01 3.178049716414140846e+01 3.573513677041127323e+01 3.080584360149872580e+01 3.413209633175202384e+01 3.306055050963308162e+01 3.001666203960726875e+01 2.617250465660480074e+01 2.308679276123039159e+01 2.102379604162863913e+01
2.900000000000000000e+01 2.920616373302046753e+01 2.475883680627989492e+01 2.469817807045693669e+01 2.507987240796890660e+01 2.059126028197400160e+01 2.184032966784155505e+01 2.308679276123039159e+01 2.000000000000000000e+01 1.824828759089465890e+01 1.503329637837290811e+01 1.204159457879229578e+01 1.140175425099137918e+01 8.062257748298549132e+00 4.123105625617660586e+00 0.000000000000000000e+00 6.000000000000000000e+00 8.944271909999159220e+00 1.118033988749894903e+01 1.503329637837290811e+01 1.627882059609970611e+01 2.100000000000000000e+01 2.245551157288561939e+01 2.800000000000000000e+01 2.816025568065744622e+01 2.961418578992169515e+01 2.500000000000000000e+01 3.036445290137795183e+01 2.640075756488817049e+01 3.138470965295043058e+01 2.952964612046680060e+01 3.312099032335839155e+01 3.000000000000000000e+01 3.440930106817050671e+01 3.397057550292606010e+01 3.828837943815329226e+01 3.538361202590826338e+01 4.101219330881975367e+01 3.764306044943742080e+01 4.123105625617660763e+01 4.482186966202993972e+01 4.720169488482378739e+01 4.049691346263317371e+01 4.382921400162225467e+01 3.981205847478876336e+01 3.584689665786984136e+01 3.984971769034255118e+01 3.492849839314595783e+01 3.820994634908559817e+01 3.701351104664349378e+01 3.405877273185280529e+01 3.026549190084311292e+01 2.716615541441224835e+01 2.500000000000000000e+01
2.500000000000000000e+01 2.594224354214569317e+01 2.109502310972898798e+01 2.213594362117865444e+01 2.334523505985750447e+01 1.843908891458577415e+01 2.100000000000000000e+01 2.334523505985750447e+01 2.088061301782110135e+01 1.824828759089465890e+01 1.581138830084189628e+01 1.389244398944980396e+01 1.140175425099137918e+01 7.280109889280518054e+00 6.403124237432848531e+00 6.000000000000000000e+00 0.000000000000000000e+00 4.472135954999579610e+00 5.385164807134503739e+00 9.055385138137417300e+00 1.044030650891055068e+01 1.500000000000000000e+01 1.662077013859466135e+01 2.200000000000000000e+01 2.220360331117451835e+01 2.376972864800942631e+01 1.931320791582796659e+01 2.469817807045693669e+01 2.109502310972898798e+01 2.594224354214569317e+01 2.441311123146740414e+01 2.801785145224380003e+01 2.545584412271571040e+01 2.973213749463701205e+01 2.983286778035259701e+01 3.397057550292606010e+01 3.162277660168379256e+01 3.701351104664349378e+01 3.413209633175202384e+01 3.773592452822641263e+01 4.134005321718877468e+01 4.390899680020029905e+01 3.757658845611187104e+01 4.143669871020131978e+01 3.764306044943742080e+01 3.395585369269929288e+01 3.847076812334268681e+01 3.405877273185280529e+01 3.805259518088089266e+01 3.765634076752546378e+01 3.423448553724738019e+01 3.006659275674581622e+01 2.716615541441224835e+01 2.570992026436488231e+01
2.061552812808830382e+01 2.147091055358388800e+01 1.664331697709323876e+01 1.772004514666934938e+01 1.910497317454279909e+01 1.414213562373095101e+01 1.711724276862369010e+01 1.992485884517127559e+01 1.788854381999831844e+01 1.486606874731850603e+01 1.303840481040529831e+01 1.204159457879229578e+01 8.602325267042626677e+00 5.000000000000000000e+00 7.000000000000000000e+00 8.944271909999159220e+00 4.472135954999579610e+00 0.000000000000000000e+00 3.605551275463989125e+00 8.602325267042626677e+00 8.062257748298549132e+00 1.360147050873544394e+01 1.400892572612190001e+01 2.039607805437113797e+01 2.002498439450078749e+01 2.109502310972898798e+01 1.627882059609970611e+01 2.158703314492290204e+01 1.746424919657297892e+01 2.247220505424423109e+01 2.059126028197400160e+01 2.418677324489564739e+01 2.126029162546929996e+01 2.561249694973139412e+01 2.549509756796392423e+01 2.969848480983499428e+01 2.720294101747088789e+01 3.264965543462901820e+01 2.968164415931165934e+01 3.328663395418647752e+01 3.689173349139343117e+01 3.944616584663204151e+01 3.310589071449369669e+01 3.700000000000000000e+01 3.324154027718932269e+01 2.961418578992169515e+01 3.423448553724738019e+01 3.000000000000000000e+01 3.423448553724738019e+01 3.420526275297414287e+01 3.059411708155671050e+01 2.630589287593181069e+01 2.353720459187963954e+01 2.247220505424423109e+01
2.059126028197400160e+01 2.213594362117865444e+01 1.708800749063506075e+01 1.910497317454279909e+01 2.102379604162863913e+01 1.603121954188139853e+01 1.964688270438849926e+01 2.284731931759172596e+01 2.109502310972898798e+01 1.788854381999831844e+01 1.640121946685672683e+01 1.562049935181330795e+01 1.204159457879229578e+01 8.602325267042626677e+00 1.019803902718556898e+01 1.118033988749894903e+01 5.385164807134503739e+00 3.605551275463989125e+00 0.000000000000000000e+00 5.000000000000000000e+00 5.099019513592784492e+00 1.019803902718556898e+01 1.128051417267847789e+01 1.711724276862369010e+01 1.702938636592640265e+01 1.843908891458577415e+01 1.392838827718411920e+01 1.931320791582796659e+01 1.581138830084189628e+01 2.059126028197400160e+01 1.920937271229854559e+01 2.280350850198275836e+01 2.061552812808830382e+01 2.475883680627989492e+01 2.523885892824792521e+01 2.920616373302046753e+01 2.729468812791236232e+01 3.244996147917590434e+01 2.996664812754339380e+01 3.354101966249684352e+01 3.712142238654116966e+01 3.981205847478876336e+01 3.383784863137726262e+01 3.807886552931954327e+01 3.452535300326413648e+01 3.114482300479487265e+01 3.601388621073821383e+01 3.214031735997639316e+01 3.667424164178449786e+01 3.700000000000000000e+01 3.324154027718932269e+01 2.886173937932362321e+01 2.624880949681337583e+01 2.549509756796392423e+01
2.184032966784155505e+01 2.418677324489564739e+01 1.910497317454279909e+01 2.209072203437452231e+01 2.451530134426252516e+01 1.964688270438849926e+01 2.376972864800942631e+01 2.729468812791236232e+01 2.580697580112788003e+01 2.247220505424423109e+01 2.126029162546929996e+01 2.061552812808830382e+01 1.697056274847713908e+01 1.360147050873544394e+01 1.486606874731850603e+01 1.503329637837290811e+01 9.055385138137417300e+00 8.602325267042626677e+00 5.000000000000000000e+00 0.000000000000000000e+00 4.123105625617660586e+00 6.082762530298219339e+00 8.902246907382428631e+00 1.303840481040529831e+01 1.360147050873544394e+01 1.565247584249852864e+01 1.204159457879229578e+01 1.720465053408525335e+01 1.500000000000000000e+01 1.910497317454279909e+01 1.860107523773827509e+01 2.202271554554523902e+01 2.102379604162863913e+01 2.469817807045693669e+01 2.600000000000000000e+01 2.952964612046680060e+01 2.846049894151541437e+01 3.310589071449369669e+01 3.132091952673165025e+01 3.478505426185217431e+01 3.827531841800927737e+01 4.110960958218893069e+01 3.569313659514949677e+01 4.031128874149274566e+01 3.705401462729781059e+01 3.401470270338990076e+01 3.911521443121588959e+01 3.569313659514949677e+01 4.052159917870962147e+01 4.123105625617660763e+01 3.733630940518894192e+01 3.289376840679705083e+01 3.046309242345563462e+01 3.001666203960726875e+01
1.772004514666934938e+01 2.009975124224177989e+01 1.503329637837290811e+01 1.824828759089465890e+01 2.088061301782110135e+01 1.615549442140351033e+01 2.059126028197400160e+01 2.441311123146740414e+01 2.334523505985750447e+01 1.984943324127920761e+01 1.920937271229854559e+01 1.923538406167134340e+01 1.526433752247374720e+01 1.264911064067351809e+01 1.503329637837290811e+01 1.627882059609970611e+01 1.044030650891055068e+01 8.062257748298549132e+00 5.099019513592784492e+00 4.123105625617660586e+00 0.000000000000000000e+00 5.830951894845300743e+00 6.184658438426490434e+00 1.236931687685298087e+01 1.200000000000000000e+01 1.334166406412633421e+01 8.944271909999159220e+00 1.431782106327635340e+01 1.131370849898476116e+01 1.581138830084189628e+01 1.486606874731850603e+01 1.838477631085023489e+01 1.700000000000000000e+01 2.080865204668481283e+01 2.193171219946130890e+01 2.555386467836127551e+01 2.435159132377184221e+01 2.906888370749726747e+01 2.720294101747088789e+01 3.067572330035593353e+01 3.417601498127012150e+01 3.700000000000000000e+01 3.157530680769388809e+01 3.622154055254966920e+01 3.301514803843835466e+01 3.006659275674581622e+01 3.522782990761707111e+01 3.201562118716424266e+01 3.700000000000000000e+01 3.801315561749642313e+01 3.401470270338990076e+01 2.954657340538831534e+01 2.729468812791236232e+01 2.720294101747088789e+01
2.000000000000000000e+01 2.319482700948640286e+01 1.843908891458577415e+01 2.247220505424423109e+01 2.549509756796392423e+01 2.109502310972898798e+01 2.580697580112788003e+01 2.983286778035259701e+01 2.900000000000000000e+01 2.545584412271571040e+01 2.500000000000000000e+01 2.505992817228333536e+01 2.109502310972898798e+01 1.838477631085023489e+01 2.039607805437113797e+01 2.100000000000000000e+01 1.500000000000000000e+01 1.360147050873544394e+01 1.019803902718556898e+01 6.082762530298219339e+00 5.830951894845300743e+00 0.000000000000000000e+00 4.609772228646443537e+00 7.000000000000000000e+00 7.615773105863908654e+00 1.000000000000000000e+01 7.615773105863908654e+00 1.204159457879229578e+01 1.140175425099137918e+01 1.442220510185595650e+01 1.486606874731850603e+01 1.788854381999831844e+01 1.824828759089465890e+01 2.118962010041709121e+01 2.334523505985750447e+01 2.624880949681337583e+01 2.617250465660480074e+01 3.008321791298264714e+01 2.915475947422650194e+01 3.238826948140329165e+01 3.569313659514949677e+01 3.863935817272331263e+01 3.401470270338990076e+01 3.901281840626231912e+01 3.622154055254966920e+01 3.373425558686599857e+01 3.905124837953326988e+01 3.640054944640259293e+01 4.162931659299729859e+01 4.304648650006176780e+01 3.894868418830089496e+01 3.448187929913333249e+01 3.244996147917590434e+01 3.264965543462901820e+01
1.553222456700906662e+01 1.892749323074770018e+01 1.439618004888796854e+01 1.879494612921250152e+01 2.205107707119994487e+01 1.806239186818844189e+01 2.298368986912240786e+01 2.724426545165055558e+01 2.691189328159577698e+01 2.330772404161333000e+01 2.347871376374779118e+01 2.419194080680588854e+01 2.008108562802320307e+01 1.817278184538624686e+01 2.100595153760000500e+01 2.245551157288561939e+01 1.662077013859466135e+01 1.400892572612190001e+01 1.128051417267847789e+01 8.902246907382428631e+00 6.184658438426490434e+00 4.609772228646443537e+00 0.000000000000000000e+00 7.500000000000000000e+00 6.184658438426490434e+00 7.158910531638176700e+00 3.201562118716424266e+00 8.321658488546619381e+00 6.800735254367721971e+00 1.025914226434159637e+01 1.030776406404415191e+01 1.346291201783625979e+01 1.364734406395618116e+01 1.662077013859466135e+01 1.874166481399131357e+01 2.166217902243446858e+01 2.159282288168918384e+01 2.548038461248181363e+01 2.458149710656370956e+01 2.778938646318050587e+01 3.108456208473910465e+01 3.403307215048327095e+01 2.950000000000000000e+01 3.455792239125494802e+01 3.189435686763412292e+01 2.960152023123136900e+01 3.496069221282667883e+01 3.265348373451138997e+01 3.802959373961283518e+01 3.981519810323690933e+01 3.564056677439346998e+01 3.121297807002721569e+01 2.944910864525444438e+01 3.007074990750978927e+01
2.118962010041709121e+01 2.507987240796890660e+01 2.109502310972898798e+01 2.580697580112788003e+01 2.920616373302046753e+01 2.545584412271571040e+01 3.041381265149109936e+01 3.471310991541956525e+01 3.440930106817050671e+01 3.080584360149872580e+01 3.088689042296100240e+01 3.138470965295043058e+01 2.731300056749532601e+01 2.500000000000000000e+01 2.729468812791236232e+01 2.800000000000000000e+01 2.200000000000000000e+01 2.039607805437113797e+01 1.711724276862369010e+01 1.303840481040529831e+01 1.236931687685298087e+01 7.000000000000000000e+00 7.500000000000000000e+00 0.000000000000000000e+00 3.000000000000000000e+00 6.082762530298219339e+00 8.062257748298549132e+00 9.055385138137417300e+00 1.170469991071962568e+01 1.204159457879229578e+01 1.414213562373095101e+01 1.603121954188139853e+01 1.843908891458577415e+01 2.000000000000000000e+01 2.319482700948640286e+01 2.501999200639360765e+01 2.630589287593181069e+01 2.901723625709381693e+01 2.927456233660889495e+01 3.206243908376279705e+01 3.500000000000000000e+01 3.800000000000000000e+01 3.452535300326413648e+01 3.981205847478876336e+01 3.764306044943742080e+01 3.584689665786984136e+01 4.123105625617660763e+01 3.944616584663204151e+01 4.494441010848846219e+01 4.701063709417263681e+01 4.280186911806539030e+01 3.841874542459709119e+01 3.679673898594819548e+01 3.753664875824691904e+01
1.838477631085023489e+01 2.236067977499789805e+01 1.860107523773827509e+01 2.343074902771996193e+01 2.690724809414741969e+01 2.343074902771996193e+01 2.842534080710379030e+01 3.280243893371345365e+01 3.275667870831839679e+01 2.915475947422650194e+01 2.954657340538831534e+01 3.036445290137795183e+01 2.624880949681337583e+01 2.433105012119287736e+01 2.701851217221259205e+01 2.816025568065744622e+01 2.220360331117451835e+01 2.002498439450078749e+01 1.702938636592640265e+01 1.360147050873544394e+01 1.200000000000000000e+01 7.615773105863908654e+00 6.184658438426490434e+00 3.000000000000000000e+00 0.000000000000000000e+00 3.162277660168379523e+00 5.656854249492380582e+00 6.082762530298219339e+00 8.944271909999159220e+00 9.055385138137417300e+00 1.118033988749894903e+01 1.303840481040529831e+01 1.552417469626002422e+01 1.700000000000000000e+01 2.022374841615668473e+01 2.202271554554523902e+01 2.334523505985750447e+01 2.601922366251537611e+01 2.630589287593181069e+01 2.906888370749726747e+01 3.200000000000000000e+01 3.500000000000000000e+01 3.157530680769388809e+01 3.687817782917154830e+01 3.478505426185217431e+01 3.310589071449369669e+01 3.848376280978771291e+01 3.689173349139343117e+01 4.243819034784588951e+01 4.468780594300866227e+01 4.045985664828781836e+01 3.612478373637688378e+01 3.465544690232691494e+01 3.560898762952971452e+01
1.612451549659709826e+01 2.024845673131658685e+01 1.697056274847713908e+01 2.193171219946130890e+01 2.549509756796392423e+01 2.247220505424423109e+01 2.745906043549196340e+01 3.190611226708763226e+01 3.220248437620923454e+01 2.863564212655270680e+01 2.941088233970548416e+01 3.059411708155671050e+01 2.647640458974745314e+01 2.501999200639360765e+01 2.807133769523639799e+01 2.961418578992169515e+01 2.376972864800942631e+01 2.109502310972898798e+01 1.843908891458577415e+01 1.565247584249852864e+01 1.334166406412633421e+01 1.000000000000000000e+01 7.158910531638176700e+00 6.082762530298219339e+00 3.162277660168379523e+00 0.000000000000000000e+00 5.099019513592784492e+00 3.000000000000000000e+00 7.071067811865475505e+00 6.000000000000000000e+00 8.544003745317530374e+00 1.000000000000000000e+01 1.300000000000000000e+01 1.403566884761819900e+01 1.746424919657297892e+01 1.900000000000000000e+01 2.061552812808830382e+01 2.300000000000000000e+01 2.353720459187963954e+01 2.617250465660480074e+01 2.901723625709381693e+01 3.201562118716424266e+01 2.886173937932362321e+01 3.420526275297414287e+01 3.231098884280702066e+01 3.088689042296100240e+01 3.623534186398687496e+01 3.500000000000000000e+01 4.060788100849390503e+01 4.313930922024598402e+01 3.889730067755344578e+01 3.465544690232691494e+01 3.342154993413680586e+01 3.466987164671942878e+01
1.334166406412633421e+01 1.708800749063506075e+01 1.303840481040529831e+01 1.780449381476485726e+01 2.126029162546929996e+01 1.780449381476485726e+01 2.280350850198275836e+01 2.720294101747088789e+01 2.729468812791236232e+01 2.370653918225939449e+01 2.435159132377184221e+01 2.549509756796392423e+01 2.137755832643194864e+01 2.000000000000000000e+01 2.319482700948640286e+01 2.500000000000000000e+01 1.931320791582796659e+01 1.627882059609970611e+01 1.392838827718411920e+01 1.204159457879229578e+01 8.944271909999159220e+00 7.615773105863908654e+00 3.201562118716424266e+00 8.062257748298549132e+00 5.656854249492380582e+00 5.099019513592784492e+00 0.000000000000000000e+00 5.385164807134503739e+00 4.000000000000000000e+00 7.071067811865475505e+00 7.280109889280518054e+00 1.029563014098700080e+01 1.100000000000000000e+01 1.360147050873544394e+01 1.603121954188139853e+01 1.868154169226940553e+01 1.900000000000000000e+01 2.256102834535695578e+01 2.200000000000000000e+01 2.507987240796890660e+01 2.828427124746190202e+01 3.125699921617556853e+01 2.707397274136176790e+01 3.224903099319419653e+01 2.983286778035259701e+01 2.785677655436823841e+01 3.324154027718932269e+01 3.138470965295043058e+01 3.689173349139343117e+01 3.905124837953326988e+01 3.482814953453599571e+01 3.047950130825634218e+01 2.900000000000000000e+01 3.000000000000000000e+01
1.360147050873544394e+01 1.780449381476485726e+01 1.500000000000000000e+01 2.000000000000000000e+01 2.360084744241189370e+01 2.102379604162863913e+01 2.594224354214569317e+01 3.041381265149109936e+01 3.101612483854164637e+01 2.751363298439520833e+01 2.863564212655270680e+01 3.014962686336266984e+01 2.607680962081059661e+01 2.507987240796890660e+01 2.844292530665578411e+01 3.036445290137795183e+01 2.469817807045693669e+01 2.158703314492290204e+01 1.931320791582796659e+01 1.720465053408525335e+01 1.431782106327635340e+01 1.204159457879229578e+01 8.321658488546619381e+00 9.055385138137417300e+00 6.082762530298219339e+00 3.000000000000000000e+00 5.385164807134503739e+00 0.000000000000000000e+00 5.385164807134503739e+00 3.000000000000000000e+00 5.830951894845300743e+00 7.000000000000000000e+00 1.029563014098700080e+01 1.104536101718726115e+01 1.456021977856103611e+01 1.600000000000000000e+01 1.772004514666934938e+01 2.000000000000000000e+01 2.061552812808830382e+01 2.319482700948640286e+01 2.601922366251537611e+01 2.901723625709381693e+01 2.596150997149434048e+01 3.132091952673165025e+01 2.954657340538831534e+01 2.830194339616981125e+01 3.361547262794321966e+01 3.264965543462901820e+01 3.828837943815329226e+01 4.103656905736638549e+01 3.679673898594819548e+01 3.264965543462901820e+01 3.162277660168379256e+01 3.312099032335839155e+01
9.486832980505138124e+00 1.341640786499873883e+01 9.899494936611665352e+00 1.486606874731850603e+01 1.843908891458577415e+01 1.565247584249852864e+01 2.059126028197400160e+01 2.505992817228333536e+01 2.563201123595259290e+01 2.213594362117865444e+01 2.334523505985750447e+01 2.501999200639360765e+01 2.100000000000000000e+01 2.039607805437113797e+01 2.404163056034261459e+01 2.640075756488817049e+01 2.109502310972898798e+01 1.746424919657297892e+01 1.581138830084189628e+01 1.500000000000000000e+01 1.131370849898476116e+01 1.140175425099137918e+01 6.800735254367721971e+00 1.170469991071962568e+01 8.944271909999159220e+00 7.071067811865475505e+00 4.000000000000000000e+00 5.385164807134503739e+00 0.000000000000000000e+00 5.099019513592784492e+00 3.605551275463989125e+00 7.071067811865475505e+00 7.000000000000000000e+00 9.848857801796103928e+00 1.204159457879229578e+01 1.486606874731850603e+01 1.500000000000000000e+01 1.868154169226940553e+01 1.800000000000000000e+01 2.109502310972898798e+01 2.433105012119287736e+01 2.729468812791236232e+01 2.308679276123039159e+01 2.828427124746190202e+01 2.596150997149434048e+01 2.416609194718914466e+01 2.954657340538831534e+01 2.801785145224380003e+01 3.360059523282288296e+01 3.606937759374286401e+01 3.182766092567909766e+01 2.758622844826744469e+01 2.640075756488817049e+01 2.778488797889960793e+01
